(92, -15), (-71, 31), (43, 72), (84, -39), (17, -14), (-15, 35)
(-71, 30), (53, 89), (-56, -5), (7, -84)
(96, -92), (-44, -75), (-48, 31), (-78, 27), (-74, -77)
(15, -51), (-15, -92), (-12, -9), (-66, -100)
(74, -13), (-72, -71), (-85, -62), (27, 11), (22, 59)
(35, 13), (-21, -12), (-79, -26), (18, 19), (-47, -61), (89, -40)
(-29, 49), (80, -55), (45, 0), (53, -39)
(32, 38), (9, 79), (-73, -90), (-87, -97), (10, -95)
(-5, 28), (-98, 70), (96, 86), (-86, 72)
(47, -55), (85, -73), (66, 57), (-35, -42), (-18, 66)
(-94, -34), (-72, 81), (41, 78)
(-54, 8), (6, -51), (28, 83), (93, 66)
(47, -90), (-52, 58), (-14, 80), (46, 59), (-13, 53), (-18, -88)
(44, 54), (21, 44), (84, -41), (-71, -1)
(-72, -83), (45, 67), (-36, -93)
(16, -99), (-67, -100), (-85, 18), (-52, -66), (-92, 34)
(19, -31), (-7, 88), (-4, -71)
(63, 51), (28, 84), (99, 34), (37, -58), (25, 81), (-70, -88), (18, 16)
(-38, 70), (51, -51), (-88, -46), (-75, 5), (-13, 35), (-50, -66)
(-70, 27), (-60, 21), (16, 91), (0, -45), (69, 32)
(-1, -37), (72, 92), (-33, -97)
(-85, 9), (80, -93), (23, -64), (-53, -84), (21, 37), (-54, -59), (-52, 49)
(-72, -89), (98, 40), (9, -4), (27, -85), (-17, -8)
(49, 49), (48, -18), (-67, -62)
(40, -66), (24, 28), (-77, -96), (-96, -27), (-1, -31)
